%YAML:1.0
---
model_type: MEI
camera_name: camera
image_width: 752
image_height: 480
mirror_parameters:
   xi: 2.311671593351428
distortion_parameters:
   k1: -0.05237255158567022
   k2: 0.23010355007353656
   p1: -0.0008314964320329938
   p2: 0.00025006780415218145
projection_parameters:
   gamma1: 1220.8587259857406
   gamma2: 1220.7142817918636
   u0: 385.27667075033906
   v0: 226.18321921177994
