%YAML:1.0
---
model_type: MEI
camera_name: camera
image_width: 752
image_height: 480
mirror_parameters:
   xi: 2.247904899038233
distortion_parameters:
   k1: -0.07988350395014085
   k2: 0.19260060277855223
   p1: -0.0003712231519225597
   p2: -3.254163978028078e-05
projection_parameters:
   gamma1: 1196.3189570299778
   gamma2: 1196.0902343259258
   u0: 359.84777274001095
   v0: 226.18579036259337
